Bloco 40|0|000|0
Bloco 40|0|040|0
Bloco 40|0|080|0
Bloco 40|0|120|0
Bloco 40|0|160|0
Bloco 40|0|200|0
Bloco 40|0|240|0
Bloco 40|0|280|0
Bloco 40|0|320|0
Bloco 40|0|360|0
Bloco 40|0|400|0
Bloco 40|0|440|0
Bloco 40|0|480|0
Bloco 40|0|520|0
Bloco 40|560|020|90
Bloco 40|560|060|90
Bloco 40|560|100|90
Bloco 40|560|140|90
Bloco 40|560|180|90
Bloco 40|560|220|90
Bloco 40|560|260|90
Bloco 40|560|300|90
Bloco 40|340|000|0
Bloco 40|340|040|0
Bloco 40|340|080|0
Bloco 40|340|120|0
Bloco 40|340|160|0
Bloco 40|340|200|0
Bloco 40|340|240|0
Bloco 40|340|280|0
Bloco 40|340|320|0
Bloco 40|340|360|0
Bloco 40|340|400|0
Bloco 40|340|440|0
Bloco 40|340|480|0
Bloco 40|340|520|0
Bloco 40|20|020|90
Bloco 40|20|060|90
Bloco 40|20|100|90
Bloco 40|20|140|90
Bloco 40|20|180|90
Bloco 40|20|220|90
Bloco 40|20|260|90
Bloco 40|20|300|90
Janela 120|120|100|220|340|0
Porta 80|220|20|60|90